0 1055.803174132305 1001.5241191275168 29.66686443191931 46.788171140939596
0 2069.622960545832 890.134437919463 25.759121922278254 44.731963087248324
0 1014.2055769801246 1003.7707634228188 23.905665974488283 43.476090604026844
0 3126.11213289825 537.8804530201343 13.731237021655295 30.960570469798657
0 1846.119252447345 1205.822567114094 21.633936517353902 41.86409395973154
0 3126.5427172945715 422.4272231543624 13.304360723820825 32.00041946308725
0 2879.9304360723822 1602.74769295302 26.270246217739544 44.505453020134226
1 2951.188223079205 1035.1258389261745 29.639572827054288 32.205536912751676
1 2113.3527143280926 889.9330956375838 29.920498368436665 30.497063758389263
1 2969.2202610501336 1087.0408976510066 29.09018095520617 32.77810402684564
1 2925.3102936814003 1602.8043204697988 29.572827054286563 31.25209731543624
1 2118.0578463363986 2044.5780201342282 28.814001779887274 32.21057046979866
1 3124.5164639572827 1215.7695050335572 27.806585582913083 29.136325503355703
1 1888.8027291604865 1204.6493288590605 27.518837140314446 30.324664429530202
1 3176.83625037081 1172.942533557047 29.39780480569564 31.390939597315437
0 0.10545832097300505 0.1050755033557047 0.08454464550578464 0.08431208053691275
