0 790.2713928222656 1559.2611083984375 27.2955322265625 44.52147674560547
0 2237.1903076171875 1218.878662109375 27.8817138671875 44.94091796875
0 2413.3973388671875 511.01458740234375 25.024200439453125 43.47998046875
0 2421.7863845825195 1721.7008972167969 26.35710906982422 42.46624755859375
0 829.7691802978516 1041.8486938476562 26.034637451171875 42.347679138183594
0 1156.843692779541 153.75985717773438 26.457332611083984 43.49261474609375
0 1359.7929077148438 1561.7185459136963 27.300506591796875 44.00539970397949
0 1103.7562866210938 57.76152420043945 27.386474609375 45.17623519897461
0 975.8281860351562 1559.119140625 27.543914794921875 44.966217041015625
0 3163.0087280273438 1186.8858337402344 27.6998291015625 44.533203125
0 2767.7596893310547 1662.4639587402344 27.402023315429688 45.197174072265625
0 2373.308792114258 1964.3463134765625 26.493637084960938 43.075927734375
0 1557.4363193511963 1551.525110244751 24.717893600463867 43.44610404968262
0 2767.9855346679688 1730.9193725585938 27.99591064453125 44.05615234375
0 1518.0038452148438 1053.7213745117188 28.1094970703125 45.837890625
0 2954.43017578125 1962.9037475585938 27.829978942871094 43.1134033203125
0 439.82812118530273 275.594970703125 28.90787124633789 43.57476806640625
0 1939.8454990386963 350.86737060546875 24.477293014526367 42.602996826171875
0 3160.831573486328 1962.5728149414062 24.71514892578125 41.6312255859375
0 2407.5736541748047 1903.4992980957031 27.611358642578125 44.23992919921875
0 2176.0758666992188 352.99407958984375 27.1512451171875 43.2481689453125
0 3118.759765625 1901.4218139648438 28.20404052734375 44.12908935546875
0 2429.2161407470703 2030.9523315429688 27.25823974609375 45.5968017578125
0 2400.870162963867 2124.4867553710938 27.26727294921875 42.850799560546875
0 2544.3693237304688 511.5479431152344 27.23419189453125 44.340850830078125
0 1510.2052307128906 481.75836181640625 26.95330810546875 43.59039306640625
0 2438.98486328125 1964.0087585449219 28.44073486328125 43.3895263671875
0 3156.6116333007812 1718.3718872070312 26.427978515625 43.85711669921875
0 1629.2879943847656 220.2862548828125 26.560546875 43.01678466796875
0 839.8336639404297 656.3686065673828 26.954193115234375 45.58479309082031
0 1917.4120483398438 493.3857421875 25.2518310546875 42.75341796875
0 828.685546875 1447.2385864257812 23.56640625 41.61859130859375
0 2989.859375 2028.0908813476562 28.462677001953125 48.25250244140625
0 2980.3020935058594 2102.0633544921875 25.41973876953125 41.4324951171875
0 1572.4558715820312 1444.4210205078125 24.97222900390625 42.235198974609375
0 1145.8284301757812 1444.9277648925781 25.690185546875 41.595458984375
0 666.957763671875 1544.795166015625 24.50732421875 46.37646484375
0 1877.2774658203125 1434.1519470214844 21.259521484375 41.3924560546875
0 323.4031066894531 2099.0444946289062 22.6756591796875 36.6995849609375
0 529.8563842773438 1433.165771484375 23.3876953125 42.8848876953125
0 1746.8570556640625 355.7427978515625 21.43609619140625 35.8748779296875
0 2400.171516418457 1609.8573913574219 19.77142333984375 37.265869140625
1 798.8076171875 1009.5839233398438 26.40191650390625 27.5135498046875
1 2125.693359375 2043.4620666503906 24.82769775390625 28.193511962890625
1 1778.296142578125 1962.005126953125 26.437469482421875 28.0189208984375
1 2927.6976928710938 1906.6461791992188 27.150146484375 29.75006103515625
1 1383.6161804199219 1327.5839233398438 26.8038330078125 28.9522705078125
1 2967.1764526367188 1881.818359375 23.4661865234375 29.2926025390625
1 1901.5346374511719 1171.5265502929688 30.0321044921875 31.999359130859375
1 969.9424743652344 1323.903564453125 25.80963134765625 28.27178955078125
1 1342.4818725585938 243.69039916992188 27.077880859375 29.715087890625
1 1675.1121063232422 1380.2669677734375 27.774871826171875 28.5921630859375
1 2766.216865539551 1907.856201171875 24.924407958984375 28.88397216796875
1 2750.792694091797 2043.3362121582031 24.21990966796875 27.233428955078125
1 295.8839111328125 2094.5606079101562 25.384521484375 29.21337890625
1 1930.4476928710938 299.84185791015625 24.5328369140625 26.490966796875
1 678.1572875976562 1388.8917236328125 25.02545166015625 27.9815673828125
1 2609.1326293945312 1908.2998657226562 25.2119140625 28.969268798828125
1 1561.2713317871094 512.1832275390625 25.403076171875 29.5439453125
1 1386.2514953613281 595.7071533203125 24.8829345703125 27.628433227539062
1 1529.9349975585938 1345.24560546875 27.0687255859375 29.6573486328125
1 2581.959228515625 1871.9063110351562 25.0814208984375 27.3731689453125
1 982.4894714355469 821.5773010253906 24.7589111328125 28.7783203125
1 2718.5335998535156 2127.853759765625 22.92626953125 28.84600830078125
1 2610.5198364257812 1964.9345092773438 24.7054443359375 25.8013916015625
1 1386.2958374023438 820.3019104003906 25.819610595703125 28.15423583984375
1 2206.3477172851562 52.110897064208984 28.1888427734375 30.231266021728516
1 961.7073364257812 881.8014526367188 29.7802734375 30.5740966796875
1 635.50341796875 1308.4292907714844 26.0325927734375 27.6873779296875
1 1780.8736114501953 2045.995361328125 24.419784545898438 28.72802734375
1 480.71632385253906 2099.2529296875 31.379974365234375 31.580078125
1 795.445333480835 1337.1743774414062 25.463075637817383 28.456451416015625
1 2130.428192138672 300.1103515625 24.38653564453125 25.5849609375
1 3125.8157958984375 1871.9508972167969 25.27764892578125 27.985626220703125
1 1388.4161071777344 955.795654296875 27.637451171875 26.6192626953125
1 1476.0213012695312 245.47216796875 24.1712646484375 27.94476318359375
1 968.4715118408203 597.7658081054688 26.66741943359375 31.0184326171875
1 2121.8787841796875 1960.1543273925781 24.51763916015625 30.323089599609375
