0 1055.80322265625 1001.5242614746094 29.66650390625 46.787628173828125
0 2069.6229553222656 890.1344604492188 25.758941650390625 44.731689453125
0 1014.2056579589844 1003.7708129882812 23.9053955078125 43.475830078125
0 3126.1121215820312 537.8809127807617 13.73114013671875 30.96027374267578
0 1846.1193237304688 1205.8225708007812 21.6336669921875 41.86383056640625
0 3126.542724609375 422.4272766113281 13.3038330078125 32.0
0 2879.930450439453 1602.747802734375 26.27008056640625 44.505157470703125
1 2951.1882934570312 1035.1258544921875 29.639244079589844 32.205291748046875
1 2113.3527221679688 889.9329528808594 29.91998291015625 30.49676513671875
1 2969.220260620117 1087.0408630371094 29.089675903320312 32.7777099609375
1 2925.310333251953 1602.80419921875 29.572402954101562 31.2518310546875
1 2118.0577087402344 2044.5780029296875 28.813690185546875 32.21044921875
1 3124.5165405273438 1215.7693786621094 27.8062744140625 29.13604736328125
1 1888.8027954101562 1204.6493225097656 27.5184326171875 30.324462890625
1 3176.8362426757812 1172.9425659179688 29.39727783203125 31.39031982421875
